           0  0.999999881    
           1  -7.38052744E-03
           2  -4.02323063E-03
           3  -1.21360701E-02
           4  -6.22231932E-03
           5  -2.81592049E-02
           6   2.63359607E-03
           7  -1.98978223E-02
           8   6.73163636E-03
           9   4.10790741E-03
          10   2.41250321E-02
          11  -4.33574570E-03
          12   1.93720013E-02
          13   4.44195094E-03
          14  -2.45934445E-02
          15  -1.23341279E-02
          16  -1.64831169E-02
          17  -7.29495334E-03
          18  -9.20054317E-03
          19  -1.43032251E-02
          20  -2.22940720E-03
          21   4.47783095E-04
          22  -1.01694837E-02
          23  -2.40075234E-02
          24  -3.46368109E-03
          25  -2.66732322E-03
          26   7.61123607E-03
          27  -1.63600501E-02
          28  -5.02751349E-03
          29  -1.45003861E-02
