   3.00000000     -0.817554474    
   2.90000010     -0.859736443    
   2.79999995     -0.907827258    
   2.70000005     -0.965183973    
   2.59999990      -1.03091002    
   2.50000000      -1.11793172    
   2.40000010      -1.23995399    
   2.29999995      -1.39326525    
   2.20000005      -1.54777873    
   2.09999990      -1.66178668    
   2.00000000      -1.74588501    
   1.89999998      -1.81005216    
   1.79999995      -1.85898364    
   1.70000005      -1.89762497    
   1.60000002      -1.92861569    
   1.50000000      -1.95087433    
