   3.00000000      0.135923758    
   2.90000010      0.151013583    
   2.79999995      0.170489684    
   2.70000005      0.201661468    
   2.59999990      0.239265412    
   2.50000000      0.319082379    
   2.40000010      0.461892188    
   2.29999995      0.637055397    
   2.20000005      0.788982034    
   2.09999990      0.868146718    
   2.00000000      0.911469042    
   1.89999998      0.938759506    
   1.79999995      0.956852436    
   1.70000005      0.969880998    
   1.60000002      0.979619980    
   1.50000000      0.986239970    
