   9.99999978E-03   1.00005008E-02
   1.99999996E-02   2.00030021E-02
   2.99999993E-02   3.00095044E-02
   3.99999991E-02   4.00220156E-02
   5.00000007E-02   5.00425436E-02
   5.99999987E-02   6.00731038E-02
   7.00000003E-02   7.01157227E-02
   7.99999982E-02   8.01724344E-02
   9.00000036E-02   9.02452841E-02
  0.100000001      0.100336336    
  0.109999999      0.110447653    
  0.119999997      0.120581329    
  0.129999995      0.130739480    
  0.140000001      0.140924230    
  0.150000006      0.151137725    
  0.159999996      0.161382139    
  0.170000002      0.171659663    
  0.180000007      0.181972533    
  0.189999998      0.192322999    
  0.200000003      0.202713355    
  0.209999993      0.213145927    
  0.219999999      0.223623067    
  0.230000004      0.234147176    
  0.239999995      0.244720683    
  0.250000000      0.255346060    
  0.259999990      0.266025841    
  0.270000011      0.276762605    
  0.280000001      0.287558943    
  0.289999992      0.298417568    
  0.300000012      0.309341192    
  0.310000002      0.320332617    
  0.319999993      0.331394672    
  0.330000013      0.342530280    
  0.340000004      0.353742450    
  0.349999994      0.365034223    
  0.360000014      0.376408726    
  0.370000005      0.387869179    
  0.379999995      0.399418890    
  0.389999986      0.411061227    
  0.400000006      0.422799677    
  0.409999996      0.434637815    
  0.419999987      0.446579307    
  0.430000007      0.458627909    
  0.439999998      0.470787555    
  0.449999988      0.483062208    
  0.460000008      0.495456040    
  0.469999999      0.507973313    
  0.479999989      0.520618379    
  0.490000010      0.533395767    
  0.500000000      0.546310246    
  0.509999990      0.559366584    
  0.519999981      0.572569788    
  0.529999971      0.585925043    
  0.540000021      0.599437714    
  0.550000012      0.613113403    
  0.560000002      0.626957774    
  0.569999993      0.640976846    
  0.579999983      0.655176759    
  0.589999974      0.669564009    
  0.600000024      0.684145212    
  0.610000014      0.698927283    
  0.620000005      0.713917434    
  0.629999995      0.729123116    
  0.639999986      0.744552195    
  0.649999976      0.760212719    
  0.660000026      0.776113153    
  0.670000017      0.792262316    
  0.680000007      0.808669388    
  0.689999998      0.825343966    
  0.699999988      0.842296064    
  0.709999979      0.859536111    
  0.720000029      0.877075076    
  0.730000019      0.894924402    
  0.740000010      0.913096070    
  0.750000000      0.931602657    
  0.759999990      0.950457275    
  0.769999981      0.969673693    
  0.779999971      0.989266396    
  0.790000021       1.00925052    
  0.800000012       1.02964211    
  0.810000002       1.05045795    
  0.819999993       1.07171571    
  0.829999983       1.09343398    
  0.839999974       1.11563241    
  0.850000024       1.13833165    
  0.860000014       1.16155362    
  0.870000005       1.18532133    
  0.879999995       1.20965910    
  0.889999986       1.23459291    
  0.899999976       1.26014996    
  0.910000026       1.28635919    
  0.920000017       1.31325138    
  0.930000007       1.34085917    
  0.939999998       1.36921728    
  0.949999988       1.39836264    
  0.959999979       1.42833447    
  0.970000029       1.45917475    
  0.980000019       1.49092817    
  0.990000010       1.52364254    
   1.00000000       1.55736899    
   1.00999999       1.59216225    
   1.01999998       1.62808108    
   1.02999997       1.66518855    
   1.03999996       1.70355248    
   1.04999995       1.74324572    
   1.05999994       1.78434706    
   1.07000005       1.82694125    
   1.08000004       1.87112021    
   1.09000003       1.91698349    
   1.10000002       1.96463883    
   1.11000001       2.01420355    
   1.12000000       2.06580520    
   1.13000000       2.11958265    
   1.13999999       2.17568827    
   1.14999998       2.23428845    
   1.15999997       2.29556561    
   1.16999996       2.35972071    
   1.17999995       2.42697501    
   1.19000006       2.49757314    
   1.20000005       2.57178569    
   1.21000004       2.64991379    
   1.22000003       2.73229218    
   1.23000002       2.81929517    
   1.24000001       2.91134238    
   1.25000000       3.00890517    
   1.25999999       3.11251593    
   1.26999998       3.22277713    
   1.27999997       3.34037447    
   1.28999996       3.46609068    
   1.29999995       3.60082388    
   1.30999994       3.74560952    
   1.32000005       3.90164781    
   1.33000004       4.07033730    
   1.34000003       4.25331879    
   1.35000002       4.45252800    
   1.36000001       4.67026711    
   1.37000000       4.90929461    
   1.38000000       5.17294407    
   1.38999999       5.46528244    
   1.39999998       5.79132271    
   1.40999997       6.15731621    
   1.41999996       6.57115841    
   1.42999995       7.04296684    
   1.44000006       7.58592081    
   1.45000005       8.21750927    
   1.46000004       8.96144390    
   1.47000003       9.85068703    
   1.48000002       10.9324245    
   1.49000001       12.2766209    
   1.50000000       13.9915390    
   1.50999999       16.2538300    
   1.51999998       19.3718929    
   1.52999997       23.9342918    
   1.53999996       31.2109165    
   1.54999995       44.4810028    
