           0  0.999999523    
           1   5.17898649E-02
           2   1.67777613E-02
           3   2.49206610E-02
           4  -3.02010886E-02
           5  -1.51851540E-02
           6  -2.35856697E-02
           7  -1.31068984E-02
           8   8.80480185E-03
           9   1.76464058E-02
          10  -1.00651048E-02
          11  -2.15736236E-02
          12  -2.56184638E-02
          13  -1.64712537E-02
          14   1.65419728E-02
          15   1.26558887E-02
          16  -1.34938657E-02
          17   2.14686282E-02
          18   1.80945301E-03
          19  -1.42288320E-02
          20   3.02375294E-03
          21  -2.76965387E-02
          22   2.29266547E-02
          23   5.05618565E-03
          24   4.36545424E-02
          25  -7.18711875E-03
          26   3.00111230E-02
          27  -5.55117838E-02
          28  -6.71956539E-02
          29  -1.37844961E-02
