   9.99999978E-03   2.00000009E-03
   1.99999996E-02   3.99986655E-03
   2.99999993E-02   5.99879958E-03
   3.99999991E-02   7.99599942E-03
   5.00000007E-02   9.99066699E-03
   5.99999987E-02   1.19820032E-02
   7.00000003E-02   1.39692109E-02
   7.99999982E-02   1.59514919E-02
   9.00000036E-02   1.79280546E-02
  0.100000001       1.98981036E-02
  0.109999999       2.18608510E-02
  0.119999997       2.38155071E-02
  0.129999995       2.57612895E-02
  0.140000001       2.76974160E-02
  0.150000006       2.96231080E-02
  0.159999996       3.15375924E-02
  0.170000002       3.34401019E-02
  0.180000007       3.53298672E-02
  0.189999998       3.72061320E-02
  0.200000003       3.90681401E-02
  0.209999993       4.09151390E-02
  0.219999999       4.27463874E-02
  0.230000004       4.45611477E-02
  0.239999995       4.63586897E-02
  0.250000000       4.81382869E-02
  0.259999990       4.98992242E-02
  0.270000011       5.16407862E-02
  0.280000001       5.33622727E-02
  0.289999992       5.50629869E-02
  0.300000012       5.67422435E-02
  0.310000002       5.83993644E-02
  0.319999993       6.00336790E-02
  0.330000013       6.16445243E-02
  0.340000004       6.32312447E-02
  0.349999994       6.47932068E-02
  0.360000014       6.63297698E-02
  0.370000005       6.78403154E-02
  0.379999995       6.93242252E-02
  0.389999986       7.07809031E-02
  0.400000006       7.22097531E-02
  0.409999996       7.36101940E-02
  0.419999987       7.49816597E-02
  0.430000007       7.63235912E-02
  0.439999998       7.76354373E-02
  0.449999988       7.89166689E-02
  0.460000008       8.01667571E-02
  0.469999999       8.13851953E-02
  0.479999989       8.25714841E-02
  0.490000010       8.37251395E-02
  0.500000000       8.48456919E-02
  0.509999990       8.59326795E-02
  0.519999981       8.69856551E-02
  0.529999971       8.80041867E-02
  0.540000021       8.89878571E-02
  0.550000012       8.99362639E-02
  0.560000002       9.08490121E-02
  0.569999993       9.17257220E-02
  0.579999983       9.25660357E-02
  0.589999974       9.33696032E-02
  0.600000024       9.41360891E-02
  0.610000014       9.48651731E-02
  0.620000005       9.55565572E-02
  0.629999995       9.62099507E-02
  0.639999986       9.68250781E-02
  0.649999976       9.74016786E-02
  0.660000026       9.79395062E-02
  0.670000017       9.84383374E-02
  0.680000007       9.88979638E-02
  0.689999998       9.93181840E-02
  0.699999988       9.96988118E-02
  0.709999979      0.100039691    
  0.720000029      0.100340664    
  0.730000019      0.100601606    
  0.740000010      0.100822389    
  0.750000000      0.101002917    
  0.759999990      0.101143107    
  0.769999981      0.101242885    
  0.779999971      0.101302199    
  0.790000021      0.101321012    
  0.800000012      0.101299301    
  0.810000002      0.101237066    
  0.819999993      0.101134315    
  0.829999983      0.100991078    
  0.839999974      0.100807391    
  0.850000024      0.100583322    
  0.860000014      0.100318946    
  0.870000005      0.100014351    
  0.879999995       9.96696502E-02
  0.889999986       9.92849693E-02
  0.899999976       9.88604426E-02
  0.910000026       9.83962342E-02
  0.920000017       9.78925079E-02
  0.930000007       9.73494574E-02
  0.939999998       9.67672914E-02
  0.949999988       9.61462185E-02
  0.959999979       9.54864845E-02
  0.970000029       9.47883353E-02
  0.980000019       9.40520391E-02
  0.990000010       9.32778716E-02
   1.00000000       9.24661383E-02
   1.00999999       9.16171446E-02
   1.01999998       9.07312259E-02
   1.02999997       8.98087174E-02
   1.03999996       8.88499767E-02
   1.04999995       8.78553763E-02
   1.05999994       8.68253037E-02
   1.07000005       8.57601538E-02
   1.08000004       8.46603438E-02
   1.09000003       8.35263059E-02
   1.10000002       8.23584795E-02
   1.11000001       8.11573192E-02
   1.12000000       7.99232945E-02
   1.13000000       7.86568895E-02
   1.13999999       7.73586035E-02
   1.14999998       7.60289356E-02
   1.15999997       7.46684149E-02
   1.16999996       7.32775778E-02
   1.17999995       7.18569607E-02
   1.19000006       7.04071298E-02
   1.20000005       6.89286515E-02
   1.21000004       6.74221069E-02
   1.22000003       6.58880919E-02
   1.23000002       6.43272102E-02
   1.24000001       6.27400801E-02
   1.25000000       6.11273237E-02
   1.25999999       5.94895780E-02
   1.26999998       5.78274913E-02
   1.27999997       5.61417192E-02
   1.28999996       5.44329286E-02
   1.29999995       5.27017973E-02
   1.30999994       5.09490073E-02
   1.32000005       4.91752513E-02
   1.33000004       4.73812371E-02
   1.34000003       4.55676690E-02
   1.35000002       4.37352695E-02
   1.36000001       4.18847650E-02
   1.37000000       4.00168896E-02
   1.38000000       3.81323844E-02
   1.38999999       3.62319984E-02
   1.39999998       3.43164876E-02
   1.40999997       3.23866121E-02
   1.41999996       3.04431394E-02
   1.42999995       2.84868404E-02
   1.44000006       2.65184939E-02
   1.45000005       2.45388839E-02
   1.46000004       2.25487985E-02
   1.47000003       2.05490310E-02
   1.48000002       1.85403768E-02
   1.49000001       1.65236369E-02
   1.50000000       1.44996159E-02
   1.50999999       1.24691203E-02
   1.51999998       1.04329595E-02
   1.52999997       8.39194749E-03
   1.53999996       6.34689815E-03
   1.54999995       4.29862831E-03
   1.55999994       2.24795612E-03
   1.57000005       1.95701141E-04
   1.58000004      -1.85731612E-03
   1.59000003      -3.91027471E-03
   1.60000002      -5.96235320E-03
   1.61000001      -8.01273063E-03
   1.62000000      -1.00605870E-02
   1.63000000      -1.21051017E-02
   1.63999999      -1.41454563E-02
   1.64999998      -1.61808319E-02
   1.65999997      -1.82104129E-02
   1.66999996      -2.02333871E-02
   1.67999995      -2.22489424E-02
   1.69000006      -2.42562704E-02
   1.70000005      -2.62545645E-02
   1.71000004      -2.82430220E-02
   1.72000003      -3.02208457E-02
   1.73000002      -3.21872421E-02
   1.74000001      -3.41414176E-02
   1.75000000      -3.60825881E-02
   1.75999999      -3.80099714E-02
   1.76999998      -3.99227925E-02
   1.77999997      -4.18202840E-02
   1.78999996      -4.37016785E-02
   1.79999995      -4.55662198E-02
   1.80999994      -4.74131554E-02
   1.82000005      -4.92417440E-02
   1.83000004      -5.10512441E-02
   1.84000003      -5.28409258E-02
   1.85000002      -5.46100698E-02
   1.86000001      -5.63579574E-02
   1.87000000      -5.80838844E-02
   1.88000000      -5.97871542E-02
   1.88999999      -6.14670776E-02
   1.89999998      -6.31229728E-02
   1.90999997      -6.47541732E-02
   1.91999996      -6.63600117E-02
   1.92999995      -6.79398403E-02
   1.94000006      -6.94930255E-02
   1.95000005      -7.10189268E-02
   1.96000004      -7.25169331E-02
   1.97000003      -7.39864260E-02
   1.98000002      -7.54268169E-02
   1.99000001      -7.68375173E-02
   2.00000000      -7.82179534E-02
   2.00999999      -7.95675591E-02
   2.01999998      -8.08857903E-02
   2.02999997      -8.21721032E-02
   2.03999996      -8.34259763E-02
   2.04999995      -8.46469030E-02
   2.05999994      -8.58343765E-02
   2.06999993      -8.69879127E-02
   2.07999992      -8.81070346E-02
   2.08999991      -8.91912878E-02
   2.09999990      -9.02402252E-02
   2.10999990      -9.12534148E-02
   2.11999989      -9.22304392E-02
   2.13000011      -9.31708962E-02
   2.14000010      -9.40743983E-02
   2.15000010      -9.49405730E-02
   2.16000009      -9.57690626E-02
   2.17000008      -9.65595171E-02
   2.18000007      -9.73116159E-02
   2.19000006      -9.80250388E-02
   2.20000005      -9.86994877E-02
   2.21000004      -9.93346870E-02
   2.22000003      -9.99303609E-02
   2.23000002     -0.100486264    
   2.24000001     -0.101002157    
   2.25000000     -0.101477817    
   2.25999999     -0.101913042    
   2.26999998     -0.102307655    
   2.27999997     -0.102661476    
   2.28999996     -0.102974348    
   2.29999995     -0.103246130    
   2.30999994     -0.103476711    
   2.31999993     -0.103665970    
   2.32999992     -0.103813827    
   2.33999991     -0.103920214    
   2.34999990     -0.103985064    
   2.35999990     -0.104008339    
   2.36999989     -0.103990018    
   2.38000011     -0.103930101    
   2.39000010     -0.103828587    
   2.40000010     -0.103685506    
   2.41000009     -0.103500903    
   2.42000008     -0.103274845    
   2.43000007     -0.103007399    
   2.44000006     -0.102698661    
   2.45000005     -0.102348737    
   2.46000004     -0.101957761    
   2.47000003     -0.101525873    
   2.48000002     -0.101053230    
   2.49000001     -0.100540005    
   2.50000000      -9.99863893E-02
   2.50999999      -9.93926004E-02
   2.51999998      -9.87588540E-02
   2.52999997      -9.80853960E-02
   2.53999996      -9.73724797E-02
   2.54999995      -9.66203734E-02
   2.55999994      -9.58293676E-02
   2.56999993      -9.49997678E-02
   2.57999992      -9.41318870E-02
   2.58999991      -9.32260677E-02
   2.59999990      -9.22826529E-02
   2.60999990      -9.13020149E-02
   2.61999989      -9.02845263E-02
   2.63000011      -8.92305821E-02
   2.64000010      -8.81405994E-02
   2.65000010      -8.70149955E-02
   2.66000009      -8.58542100E-02
   2.67000008      -8.46586972E-02
   2.68000007      -8.34289193E-02
   2.69000006      -8.21653605E-02
   2.70000005      -8.08685124E-02
   2.71000004      -7.95388892E-02
   2.72000003      -7.81770051E-02
   2.73000002      -7.67833963E-02
   2.74000001      -7.53586069E-02
   2.75000000      -7.39032030E-02
   2.75999999      -7.24177510E-02
   2.76999998      -7.09028393E-02
   2.77999997      -6.93590567E-02
   2.78999996      -6.77870214E-02
   2.79999995      -6.61873445E-02
   2.80999994      -6.45606592E-02
   2.81999993      -6.29076064E-02
   2.82999992      -6.12288415E-02
   2.83999991      -5.95250241E-02
   2.84999990      -5.77968284E-02
   2.85999990      -5.60449399E-02
   2.86999989      -5.42700477E-02
   2.88000011      -5.24728559E-02
   2.89000010      -5.06540760E-02
   2.90000010      -4.88144271E-02
   2.91000009      -4.69546393E-02
   2.92000008      -4.50754501E-02
   2.93000007      -4.31776047E-02
   2.94000006      -4.12618555E-02
   2.95000005      -3.93289626E-02
   2.96000004      -3.73796932E-02
   2.97000003      -3.54148224E-02
   2.98000002      -3.34351324E-02
   2.99000001      -3.14414054E-02
   3.00000000      -2.94344388E-02
   3.00999999      -2.74150297E-02
   3.01999998      -2.53839809E-02
   3.02999997      -2.33421028E-02
   3.03999996      -2.12902054E-02
   3.04999995      -1.92291085E-02
   3.05999994      -1.71596333E-02
   3.06999993      -1.50826043E-02
   3.07999992      -1.29988492E-02
   3.08999991      -1.09092006E-02
   3.09999990      -8.81449133E-03
   3.10999990      -6.71555847E-03
   3.11999989      -4.61323932E-03
   3.13000011      -2.50837440E-03
   3.14000010      -4.01804456E-04
   3.15000010       1.70562835E-03
   3.16000009       3.81308142E-03
   3.17000008       5.91971166E-03
   3.18000007       8.02467577E-03
   3.19000006       1.01271318E-02
   3.20000005       1.22262379E-02
   3.21000004       1.43211531E-02
   3.22000003       1.64110381E-02
   3.23000002       1.84950549E-02
   3.24000001       2.05723699E-02
   3.25000000       2.26421468E-02
   3.25999999       2.47035567E-02
   3.26999998       2.67557725E-02
   3.27999997       2.87979711E-02
   3.28999996       3.08293309E-02
   3.29999995       3.28490362E-02
   3.30999994       3.48562747E-02
   3.31999993       3.68502401E-02
   3.32999992       3.88301313E-02
   3.33999991       4.07951474E-02
   3.34999990       4.27445024E-02
   3.35999990       4.46774103E-02
   3.36999989       4.65930887E-02
   3.38000011       4.84907702E-02
   3.39000010       5.03696874E-02
   3.40000010       5.22290841E-02
   3.41000009       5.40682077E-02
   3.42000008       5.58863170E-02
   3.43000007       5.76826781E-02
   3.44000006       5.94565645E-02
   3.45000005       6.12072609E-02
   3.46000004       6.29340559E-02
   3.47000003       6.46362528E-02
   3.48000002       6.63131624E-02
   3.49000001       6.79641068E-02
   3.50000000       6.95884153E-02
   3.50999999       7.11854324E-02
   3.51999998       7.27545023E-02
   3.52999997       7.42949992E-02
   3.53999996       7.58062899E-02
   3.54999995       7.72877634E-02
   3.55999994       7.87388086E-02
   3.56999993       8.01588446E-02
   3.57999992       8.15472901E-02
   3.58999991       8.29035789E-02
   3.59999990       8.42271596E-02
   3.60999990       8.55174884E-02
   3.61999989       8.67740437E-02
   3.63000011       8.79963040E-02
   3.64000010       8.91837776E-02
   3.65000010       9.03359726E-02
   3.66000009       9.14524198E-02
   3.67000008       9.25326571E-02
   3.68000007       9.35762376E-02
   3.69000006       9.45827365E-02
   3.70000005       9.55517367E-02
   3.71000004       9.64828432E-02
   3.72000003       9.73756611E-02
   3.73000002       9.82298329E-02
   3.74000001       9.90449935E-02
   3.75000000       9.98208076E-02
   3.75999999      0.100556955    
   3.76999998      0.101253122    
   3.77999997      0.101909019    
   3.78999996      0.102524370    
   3.79999995      0.103098921    
   3.80999994      0.103632420    
   3.81999993      0.104124643    
   3.82999992      0.104575381    
   3.83999991      0.104984440    
   3.84999990      0.105351642    
   3.85999990      0.105676822    
   3.86999989      0.105959840    
   3.88000011      0.106200568    
   3.89000010      0.106398895    
   3.90000010      0.106554732    
   3.91000009      0.106667995    
   3.92000008      0.106738634    
   3.93000007      0.106766596    
   3.94000006      0.106751867    
   3.95000005      0.106694430    
   3.96000004      0.106594294    
   3.97000003      0.106451489    
   3.98000002      0.106266052    
   3.99000001      0.106038049    
   4.00000000      0.105767556    
   4.01000023      0.105454661    
   4.01999998      0.105099484    
   4.03000021      0.104702145    
   4.03999996      0.104262799    
   4.05000019      0.103781596    
   4.05999994      0.103258722    
   4.07000017      0.102694370    
   4.07999992      0.102088749    
   4.09000015      0.101442091    
   4.09999990      0.100754641    
   4.11000013      0.100026660    
   4.11999989       9.92584303E-02
   4.13000011       9.84502360E-02
   4.13999987       9.76023972E-02
   4.15000010       9.67152342E-02
   4.15999985       9.57890898E-02
   4.17000008       9.48243216E-02
   4.17999983       9.38213021E-02
   4.19000006       9.27804187E-02
   4.19999981       9.17020738E-02
   4.21000004       9.05866846E-02
   4.21999979       8.94346908E-02
   4.23000002       8.82465392E-02
   4.23999977       8.70226920E-02
   4.25000000       8.57636333E-02
   4.26000023       8.44698474E-02
   4.26999998       8.31418410E-02
   4.28000021       8.17801356E-02
   4.28999996       8.03852603E-02
   4.30000019       7.89577663E-02
   4.30999994       7.74982125E-02
   4.32000017       7.60071725E-02
   4.32999992       7.44852349E-02
   4.34000015       7.29329959E-02
   4.34999990       7.13510662E-02
   4.36000013       6.97400719E-02
   4.36999989       6.81006387E-02
   4.38000011       6.64334223E-02
   4.38999987       6.47390783E-02
   4.40000010       6.30182698E-02
   4.40999985       6.12716824E-02
   4.42000008       5.95000051E-02
   4.42999983       5.77039383E-02
   4.44000006       5.58841899E-02
   4.44999981       5.40414825E-02
   4.46000004       5.21765426E-02
   4.46999979       5.02901115E-02
   4.48000002       4.83829342E-02
   4.48999977       4.64557670E-02
   4.50000000       4.45093773E-02
   4.51000023       4.25445326E-02
   4.51999998       4.05620150E-02
   4.53000021       3.85626145E-02
   4.53999996       3.65471207E-02
   4.55000019       3.45163345E-02
   4.55999994       3.24710682E-02
   4.57000017       3.04121301E-02
   4.57999992       2.83403415E-02
   4.59000015       2.62565259E-02
   4.59999990       2.41615120E-02
   4.61000013       2.20561363E-02
   4.61999989       1.99412368E-02
   4.63000011       1.78176537E-02
   4.63999987       1.56862363E-02
   4.65000010       1.35478340E-02
   4.65999985       1.14032999E-02
   4.67000008       9.25348978E-03
   4.67999983       7.09926151E-03
   4.69000006       4.94147558E-03
   4.69999981       2.78099393E-03
   4.71000004       6.18679682E-04
   4.71999979      -1.54460268E-03
   4.73000002      -3.70798842E-03
   4.73999977      -5.87061234E-03
   4.75000000      -8.03160854E-03
   4.76000023      -1.01901125E-02
   4.76999998      -1.23452600E-02
   4.78000021      -1.44961877E-02
   4.78999996      -1.66420341E-02
   4.80000019      -1.87819395E-02
   4.80999994      -2.09150445E-02
   4.82000017      -2.30404940E-02
   4.82999992      -2.51574367E-02
   4.84000015      -2.72650216E-02
   4.84999990      -2.93624029E-02
   4.86000013      -3.14487368E-02
   4.86999989      -3.35231870E-02
   4.88000011      -3.55849192E-02
   4.88999987      -3.76331061E-02
   4.90000010      -3.96669209E-02
   4.90999985      -4.16855477E-02
   4.92000008      -4.36881743E-02
   4.92999983      -4.56739925E-02
   4.94000006      -4.76422012E-02
   4.94999981      -4.95920107E-02
   4.96000004      -5.15226349E-02
   4.96999979      -5.34332916E-02
   4.98000002      -5.53232133E-02
   4.98999977      -5.71916364E-02
   5.00000000      -5.90378046E-02
   5.01000023      -6.08609729E-02
   5.01999998      -6.26604035E-02
   5.03000021      -6.44353703E-02
   5.03999996      -6.61851540E-02
   5.05000019      -6.79090470E-02
   5.05999994      -6.96063489E-02
   5.07000017      -7.12763742E-02
   5.07999992      -7.29184449E-02
   5.09000015      -7.45318979E-02
   5.09999990      -7.61160776E-02
   5.11000013      -7.76703358E-02
   5.11999989      -7.91940466E-02
   5.13000011      -8.06865841E-02
   5.13999987      -8.21473449E-02
   5.15000010      -8.35757330E-02
   5.15999985      -8.49711671E-02
   5.17000008      -8.63330811E-02
   5.17999983      -8.76609161E-02
   5.19000006      -8.89541283E-02
   5.19999981      -9.02121887E-02
   5.21000004      -9.14345831E-02
   5.21999979      -9.26208124E-02
   5.23000002      -9.37703848E-02
   5.23999977      -9.48828384E-02
   5.25000000      -9.59577039E-02
   5.26000023      -9.69945490E-02
   5.26999998      -9.79929417E-02
   5.28000021      -9.89524722E-02
   5.28999996      -9.98727381E-02
   5.30000019     -0.100753359    
   5.30999994     -0.101593971    
   5.32000017     -0.102394231    
   5.32999992     -0.103153795    
   5.34000015     -0.103872351    
   5.34999990     -0.104549602    
   5.36000013     -0.105185255    
   5.36999989     -0.105779044    
   5.38000011     -0.106330723    
   5.38999987     -0.106840052    
   5.40000010     -0.107306816    
   5.40999985     -0.107730813    
   5.42000008     -0.108111858    
   5.42999983     -0.108449787    
   5.44000006     -0.108744450    
   5.44999981     -0.108995713    
   5.46000004     -0.109203458    
   5.46999979     -0.109367594    
   5.48000002     -0.109488033    
   5.48999977     -0.109564722    
   5.50000000     -0.109597608    
   5.51000023     -0.109586664    
   5.51999998     -0.109531879    
   5.53000021     -0.109433264    
   5.53999996     -0.109290846    
   5.55000019     -0.109104663    
   5.55999994     -0.108874775    
   5.57000017     -0.108601265    
   5.57999992     -0.108284220    
   5.59000015     -0.107923754    
   5.59999990     -0.107519999    
   5.61000013     -0.107073098    
   5.61999989     -0.106583223    
   5.63000011     -0.106050551    
   5.63999987     -0.105475284    
   5.65000010     -0.104857631    
   5.65999985     -0.104197830    
   5.67000008     -0.103496127    
   5.67999983     -0.102752797    
   5.69000006     -0.101968117    
   5.69999981     -0.101142384    
   5.71000004     -0.100275919    
   5.71999979      -9.93690565E-02
   5.73000002      -9.84221473E-02
   5.73999977      -9.74355489E-02
   5.75000000      -9.64096487E-02
   5.76000023      -9.53448415E-02
   5.76999998      -9.42415446E-02
   5.78000021      -9.31001827E-02
   5.78999996      -9.19211954E-02
   5.80000019      -9.07050520E-02
   5.80999994      -8.94522220E-02
   5.82000017      -8.81631896E-02
   5.82999992      -8.68384615E-02
   5.84000015      -8.54785591E-02
   5.84999990      -8.40840116E-02
   5.86000013      -8.26553628E-02
   5.86999989      -8.11931789E-02
   5.88000011      -7.96980262E-02
   5.88999987      -7.81705007E-02
   5.90000010      -7.66111985E-02
   5.90999985      -7.50207305E-02
   5.92000008      -7.33997226E-02
   5.92999983      -7.17488155E-02
   5.94000006      -7.00686574E-02
   5.94999981      -6.83599114E-02
   5.96000004      -6.66232482E-02
   5.96999979      -6.48593605E-02
   5.98000002      -6.30689412E-02
   5.98999977      -6.12526983E-02
   6.00000000      -5.94113469E-02
   6.01000023      -5.75456172E-02
   6.01999998      -5.56562468E-02
   6.03000021      -5.37439846E-02
   6.03999996      -5.18095866E-02
   6.05000019      -4.98538204E-02
   6.05999994      -4.78774607E-02
   6.07000017      -4.58812900E-02
   6.07999992      -4.38661017E-02
   6.09000015      -4.18326966E-02
   6.09999990      -3.97818796E-02
   6.11000013      -3.77144665E-02
   6.11999989      -3.56312804E-02
   6.13000011      -3.35331447E-02
   6.13999987      -3.14208977E-02
   6.15000010      -2.92953774E-02
   6.15999985      -2.71574315E-02
   6.17000008      -2.50079092E-02
   6.17999983      -2.28476673E-02
   6.19000006      -2.06775665E-02
   6.19999981      -1.84984710E-02
   6.21000004      -1.63112506E-02
   6.21999979      -1.41167762E-02
   6.23000002      -1.19159231E-02
   6.23999977      -9.70957056E-03
   6.25000000      -7.49859866E-03
   6.26000023      -5.28389029E-03
   6.26999998      -3.06633022E-03
   6.28000021      -8.46804352E-04
   6.28999996       1.37380022E-03
   6.30000019       3.59459524E-03
   6.30999994       5.81469294E-03
   6.32000017       8.03320482E-03
   6.32999992       1.02492422E-02
   6.34000015       1.24619193E-02
   6.34999990       1.46703487E-02
   6.36000013       1.68736465E-02
   6.36999989       1.90709289E-02
   6.38000011       2.12613158E-02
   6.38999987       2.34439280E-02
   6.40000010       2.56178901E-02
   6.40999985       2.77823303E-02
   6.42000008       2.99363788E-02
   6.42999983       3.20791714E-02
   6.44000006       3.42098475E-02
   6.44999981       3.63275483E-02
   6.46000004       3.84314246E-02
   6.46999979       4.05206271E-02
   6.48000002       4.25943211E-02
   6.48999977       4.46516648E-02
   6.50000000       4.66918349E-02
   6.51000023       4.87140082E-02
   6.51999998       5.07173687E-02
   6.53000021       5.27011119E-02
   6.53999996       5.46644367E-02
   6.55000019       5.66065498E-02
   6.55999994       5.85266650E-02
   6.57000017       6.04240112E-02
   6.57999992       6.22978210E-02
   6.59000015       6.41473383E-02
   6.59999990       6.59718066E-02
   6.61000013       6.77704960E-02
   6.61999989       6.95426762E-02
   6.63000011       7.12876320E-02
   6.63999987       7.30046555E-02
   6.65000010       7.46930465E-02
   6.65999985       7.63521269E-02
   6.67000008       7.79812187E-02
   6.67999983       7.95796588E-02
   6.69000006       8.11467990E-02
   6.69999981       8.26820061E-02
   6.71000004       8.41846541E-02
   6.71999979       8.56541246E-02
   6.73000002       8.70898217E-02
   6.73999977       8.84911641E-02
   6.75000000       8.98575783E-02
   6.76000023       9.11885053E-02
   6.76999998       9.24834013E-02
   6.78000021       9.37417299E-02
   6.78999996       9.49629843E-02
   6.80000019       9.61466581E-02
   6.80999994       9.72922668E-02
   6.82000017       9.83993411E-02
   6.82999992       9.94674265E-02
   6.84000015      0.100496083    
   6.84999990      0.101484880    
   6.86000013      0.102433413    
   6.86999989      0.103341289    
   6.88000011      0.104208134    
   6.88999987      0.105033584    
   6.90000010      0.105817296    
   6.90999985      0.106558941    
   6.92000008      0.107258208    
   6.92999983      0.107914805    
   6.94000006      0.108528458    
   6.94999981      0.109098904    
   6.96000004      0.109625898    
   6.96999979      0.110109217    
   6.98000002      0.110548653    
   6.98999977      0.110944018    
   7.00000000      0.111295134    
   7.01000023      0.111601852    
   7.01999998      0.111864030    
   7.03000021      0.112081550    
   7.03999996      0.112254307    
   7.05000019      0.112382218    
   7.05999994      0.112465225    
   7.07000017      0.112503268    
   7.07999992      0.112496324    
   7.09000015      0.112444378    
   7.09999990      0.112347439    
   7.11000013      0.112205528    
   7.11999989      0.112018690    
   7.13000011      0.111786976    
   7.13999987      0.111510471    
   7.15000010      0.111189269    
   7.15999985      0.110823490    
   7.17000008      0.110413253    
   7.17999983      0.109958716    
   7.19000006      0.109460048    
   7.19999981      0.108917430    
   7.21000004      0.108331062    
   7.21999979      0.107701167    
   7.23000002      0.107027978    
   7.23999977      0.106311753    
   7.25000000      0.105552770    
   7.26000023      0.104751311    
   7.26999998      0.103907682    
   7.28000021      0.103022210    
   7.28999996      0.102095231    
   7.30000019      0.101127110    
   7.30999994      0.100118212    
   7.32000017       9.90689322E-02
   7.32999992       9.79796723E-02
   7.34000015       9.68508571E-02
   7.34999990       9.56829265E-02
   7.36000013       9.44763348E-02
   7.36999989       9.32315513E-02
   7.38000011       9.19490606E-02
   7.38999987       9.06293616E-02
   7.40000010       8.92729685E-02
   7.40999985       8.78804177E-02
   7.42000008       8.64522457E-02
   7.42999983       8.49890187E-02
   7.44000006       8.34913105E-02
   7.44999981       8.19597021E-02
   7.46000004       8.03948045E-02
   7.46999979       7.87972212E-02
   7.48000002       7.71675855E-02
   7.48999977       7.55065456E-02
   7.50000000       7.38147497E-02
   7.51000023       7.20928609E-02
   7.51999998       7.03415573E-02
   7.53000021       6.85615391E-02
   7.53999996       6.67534992E-02
   7.55000019       6.49181530E-02
   7.55999994       6.30562305E-02
   7.57000017       6.11684658E-02
   7.57999992       5.92556037E-02
   7.59000015       5.73184006E-02
   7.59999990       5.53576276E-02
   7.61000013       5.33740558E-02
   7.61999989       5.13684750E-02
   7.63000011       4.93416749E-02
   7.63999987       4.72944640E-02
   7.65000010       4.52276543E-02
   7.65999985       4.31420617E-02
   7.67000008       4.10385169E-02
   7.67999983       3.89178582E-02
   7.69000006       3.67809236E-02
   7.69999981       3.46285664E-02
   7.71000004       3.24616395E-02
   7.71999979       3.02810054E-02
   7.73000002       2.80875321E-02
   7.73999977       2.58820932E-02
   7.75000000       2.36655660E-02
   7.76000023       2.14388333E-02
   7.76999998       1.92027818E-02
   7.78000021       1.69583037E-02
   7.78999996       1.47062950E-02
   7.80000019       1.24476533E-02
   7.80999994       1.01832794E-02
   7.82000017       7.91407749E-03
   7.82999992       5.64095378E-03
   7.84000015       3.36481561E-03
   7.84999990       1.08657312E-03
   7.86000013      -1.19286356E-03
   7.86999989      -3.47258314E-03
   7.88000011      -5.75167360E-03
   7.88999987      -8.02922249E-03
   7.90000010      -1.03043197E-02
   7.90999985      -1.25760529E-02
   7.92000008      -1.48435133E-02
   7.92999983      -1.71057917E-02
   7.94000006      -1.93619821E-02
   7.94999981      -2.16111802E-02
   7.96000004      -2.38524824E-02
   7.96999979      -2.60849912E-02
   7.98000002      -2.83078104E-02
   7.98999977      -3.05200480E-02
   8.00000000      -3.27208154E-02
   8.01000023      -3.49092260E-02
   8.02000046      -3.70844044E-02
   8.02999973      -3.92454714E-02
   8.03999996      -4.13915627E-02
   8.05000019      -4.35218140E-02
   8.06000042      -4.56353649E-02
   8.06999969      -4.77313660E-02
   8.07999992      -4.98089716E-02
   8.09000015      -5.18673472E-02
   8.10000038      -5.39056621E-02
   8.10999966      -5.59230931E-02
   8.11999989      -5.79188280E-02
   8.13000011      -5.98920621E-02
   8.14000034      -6.18419945E-02
   8.14999962      -6.37678429E-02
   8.15999985      -6.56688213E-02
   8.17000008      -6.75441697E-02
   8.18000031      -6.93931282E-02
   8.18999958      -7.12149441E-02
   8.19999981      -7.30088800E-02
   8.21000004      -7.47742131E-02
   8.22000027      -7.65102208E-02
   8.22999954      -7.82162026E-02
   8.23999977      -7.98914656E-02
   8.25000000      -8.15353319E-02
   8.26000023      -8.31471309E-02
   8.27000046      -8.47262070E-02
   8.27999973      -8.62719193E-02
   8.28999996      -8.77836421E-02
   8.30000019      -8.92607570E-02
   8.31000042      -9.07026529E-02
   8.31999969      -9.21087489E-02
   8.32999992      -9.34784710E-02
   8.34000015      -9.48112607E-02
   8.35000038      -9.61065665E-02
   8.35999966      -9.73638669E-02
   8.36999989      -9.85826403E-02
   8.38000011      -9.97623876E-02
   8.39000034     -0.100902617    
   8.39999962     -0.102002867    
   8.40999985     -0.103062682    
   8.42000008     -0.104081631    
   8.43000031     -0.105059281    
   8.43999958     -0.105995238    
   8.44999981     -0.106889106    
   8.46000004     -0.107740514    
   8.47000027     -0.108549111    
   8.47999954     -0.109314561    
   8.48999977     -0.110036537    
   8.50000000     -0.110714741    
   8.51000023     -0.111348882    
   8.52000046     -0.111938700    
   8.52999973     -0.112483934    
   8.53999996     -0.112984359    
   8.55000019     -0.113439754    
   8.56000042     -0.113849923    
   8.56999969     -0.114214689    
   8.57999992     -0.114533894    
   8.59000015     -0.114807390    
   8.60000038     -0.115035057    
   8.60999966     -0.115216784    
   8.61999989     -0.115352482    
   8.63000011     -0.115442090    
   8.64000034     -0.115485549    
   8.64999962     -0.115482830    
   8.65999985     -0.115433916    
   8.67000008     -0.115338810    
   8.68000031     -0.115197539    
   8.68999958     -0.115010142    
   8.69999981     -0.114776678    
   8.71000004     -0.114497222    
   8.72000027     -0.114171878    
   8.72999954     -0.113800749    
   8.73999977     -0.113383979    
   8.75000000     -0.112921715    
   8.76000023     -0.112414129    
   8.77000046     -0.111861408    
   8.77999973     -0.111263759    
   8.78999996     -0.110621408    
   8.80000019     -0.109934591    
   8.81000042     -0.109203570    
   8.81999969     -0.108428627    
   8.82999992     -0.107610054    
   8.84000015     -0.106748164    
   8.85000038     -0.105843283    
   8.85999966     -0.104895763    
   8.86999989     -0.103905976    
   8.88000011     -0.102874294    
   8.89000034     -0.101801120    
   8.89999962     -0.100686863    
   8.90999985      -9.95319635E-02
   8.92000008      -9.83368605E-02
   8.93000031      -9.71020311E-02
   8.93999958      -9.58279446E-02
   8.94999981      -9.45151001E-02
   8.96000004      -9.31640118E-02
   8.97000027      -9.17752087E-02
   8.97999954      -9.03492346E-02
   8.98999977      -8.88866484E-02
   9.00000000      -8.73880163E-02
   9.01000023      -8.58539268E-02
   9.02000046      -8.42849910E-02
   9.02999973      -8.26818123E-02
   9.03999996      -8.10450315E-02
   9.05000019      -7.93752819E-02
   9.06000042      -7.76732266E-02
   9.06999969      -7.59395361E-02
   9.07999992      -7.41748884E-02
   9.09000015      -7.23799840E-02
   9.10000038      -7.05555305E-02
   9.10999966      -6.87022433E-02
   9.11999989      -6.68208599E-02
   9.13000011      -6.49121255E-02
   9.14000034      -6.29767850E-02
   9.14999962      -6.10156097E-02
   9.15999985      -5.90293743E-02
   9.17000008      -5.70188649E-02
   9.18000031      -5.49848787E-02
   9.18999958      -5.29282205E-02
   9.19999981      -5.08497059E-02
   9.21000004      -4.87501584E-02
   9.22000027      -4.66304086E-02
   9.22999954      -4.44913022E-02
   9.23999977      -4.23336849E-02
   9.25000000      -4.01584134E-02
   9.26000023      -3.79663557E-02
   9.27000046      -3.57583798E-02
   9.27999973      -3.35353650E-02
   9.28999996      -3.12981941E-02
   9.30000019      -2.90477592E-02
   9.31000042      -2.67849546E-02
   9.31999969      -2.45106816E-02
   9.32999992      -2.22258456E-02
   9.34000015      -1.99313592E-02
   9.35000038      -1.76281352E-02
   9.35999966      -1.53170917E-02
   9.36999989      -1.29991509E-02
   9.38000011      -1.06752384E-02
   9.39000034      -8.34628101E-03
   9.39999962      -6.01320900E-03
   9.40999985      -3.67695349E-03
   9.42000008      -1.33844838E-03
   9.43000031       1.00137130E-03
   9.43999958       3.34157073E-03
   9.44999981       5.68121299E-03
   9.46000004       8.01936351E-03
   9.47000027       1.03550851E-02
   9.47999954       1.26874428E-02
   9.48999977       1.50155034E-02
   9.50000000       1.73383337E-02
   9.51000023       1.96550041E-02
   9.52000046       2.19645835E-02
   9.52999973       2.42661461E-02
   9.53999996       2.65587699E-02
   9.55000019       2.88415346E-02
   9.56000042       3.11135240E-02
   9.56999969       3.33738253E-02
   9.57999992       3.56215313E-02
   9.59000015       3.78557369E-02
   9.60000038       4.00755443E-02
   9.60999966       4.22800630E-02
   9.61999989       4.44684029E-02
   9.63000011       4.66396846E-02
   9.64000034       4.87930365E-02
   9.64999962       5.09275869E-02
   9.65999985       5.30424789E-02
   9.67000008       5.51368594E-02
   9.68000031       5.72098829E-02
   9.68999958       5.92607111E-02
   9.69999981       6.12885207E-02
   9.71000004       6.32924885E-02
   9.72000027       6.52718097E-02
   9.72999954       6.72256798E-02
   9.73999977       6.91533089E-02
   9.75000000       7.10539222E-02
   9.76000023       7.29267448E-02
   9.77000046       7.47710243E-02
   9.77999973       7.65860081E-02
   9.78999996       7.83709660E-02
   9.80000019       8.01251680E-02
   9.81000042       8.18479061E-02
   9.81999969       8.35384801E-02
   9.82999992       8.51961970E-02
   9.84000015       8.68203938E-02
   9.85000038       8.84103999E-02
   9.85999966       8.99655744E-02
   9.86999989       9.14852768E-02
   9.88000011       9.29688960E-02
   9.89000034       9.44158211E-02
   9.89999962       9.58254635E-02
   9.90999985       9.71972421E-02
   9.92000008       9.85305980E-02
   9.93000031       9.98249874E-02
   9.93999958      0.101079881    
   9.94999981      0.102294758    
   9.96000004      0.103469126    
   9.97000027      0.104602493    
   9.97999954      0.105694398    
   9.98999977      0.106744386    
   10.0000000      0.107752033    
