           0   1.00000000    
           1  -3.92478779E-02
           2   2.85749491E-02
           3  -2.52253432E-02
           4  0.184054032    
           5  0.181098387    
           6  -1.53559279E-02
           7  0.131576627    
           8  0.102657720    
           9  0.115586795    
          10   3.68674174E-02
          11  0.113009535    
          12  0.180191219    
          13  0.126607299    
          14   7.97744244E-02
          15   5.21827526E-02
          16  0.115986921    
          17  0.145318270    
          18   6.65713474E-02
          19  0.127881259    
          20  0.109852381    
          21  0.115557805    
          22 -0.175767004    
          23  0.149682328    
          24  0.218493149    
          25 -0.159415469    
          26  -1.26315178E-02
          27  -3.51259261E-02
          28  0.158107087    
          29   4.25202884E-02
