   9.99999978E-03   9.99999978E-03
   1.99999996E-02   2.00009998E-02
   2.99999993E-02   3.00050005E-02
   3.99999991E-02   4.00140025E-02
   5.00000007E-02   5.00300154E-02
   5.99999987E-02   6.00550473E-02
   7.00000003E-02   7.00911134E-02
   7.99999982E-02   8.01402405E-02
   9.00000036E-02   9.02044624E-02
  0.100000001      0.100285828    
  0.109999999      0.110386401    
  0.119999997      0.120508254    
  0.129999995      0.130653471    
  0.140000001      0.140824169    
  0.150000006      0.151022479    
  0.159999996      0.161250561    
  0.170000002      0.171510577    
  0.180000007      0.181804731    
  0.189999998      0.192135260    
  0.200000003      0.202504426    
  0.209999993      0.212914512    
  0.219999999      0.223367840    
  0.230000004      0.233866766    
  0.239999995      0.244413704    
  0.250000000      0.255011082    
  0.259999990      0.265661389    
  0.270000011      0.276367158    
  0.280000001      0.287130952    
  0.289999992      0.297955394    
  0.300000012      0.308843166    
  0.310000002      0.319797009    
  0.319999993      0.330819696    
  0.330000013      0.341914117    
  0.340000004      0.353083163    
  0.349999994      0.364329845    
  0.360000014      0.375657201    
  0.370000005      0.387068391    
  0.379999995      0.398566604    
  0.389999986      0.410155147    
  0.400000006      0.421837419    
  0.409999996      0.433616877    
  0.419999987      0.445497125    
  0.430000007      0.457481802    
  0.439999998      0.469574690    
  0.449999988      0.481779695    
  0.460000008      0.494100809    
  0.469999999      0.506542146    
  0.479999989      0.519107997    
  0.490000010      0.531802714    
  0.500000000      0.544630885    
  0.509999990      0.557597101    
  0.519999981      0.570706248    
  0.529999971      0.583963275    
  0.540000021      0.597373426    
  0.550000012      0.610942006    
  0.560000002      0.624674499    
  0.569999993      0.638576686    
  0.579999983      0.652654469    
  0.589999974      0.666914046    
  0.600000024      0.681361794    
  0.610000014      0.696004331    
  0.620000005      0.710848570    
  0.629999995      0.725901604    
  0.639999986      0.741170943    
  0.649999976      0.756664276    
  0.660000026      0.772389710    
  0.670000017      0.788355589    
  0.680000007      0.804570615    
  0.689999998      0.821043968    
  0.699999988      0.837785125    
  0.709999979      0.854803979    
  0.720000029      0.872110903    
  0.730000019      0.889716685    
  0.740000010      0.907632649    
  0.750000000      0.925870597    
  0.759999990      0.944442987    
  0.769999981      0.963362694    
  0.779999971      0.982643366    
  0.790000021       1.00229919    
  0.800000012       1.02234519    
  0.810000002       1.04279709    
  0.819999993       1.06367135    
  0.829999983       1.08498538    
  0.839999974       1.10675728    
  0.850000024       1.12900639    
  0.860000014       1.15175295    
  0.870000005       1.17501831    
  0.879999995       1.19882500    
  0.889999986       1.22319686    
  0.899999976       1.24815893    
  0.910000026       1.27373791    
  0.920000017       1.29996204    
  0.930000007       1.32686102    
  0.939999998       1.35446668    
  0.949999988       1.38281250    
  0.959999979       1.41193426    
  0.970000029       1.44186985    
  0.980000019       1.47265971    
  0.990000010       1.50434697    
   1.00000000       1.53697753    
   1.00999999       1.57060051    
   1.01999998       1.60526836    
   1.02999997       1.64103723    
   1.03999996       1.67796731    
   1.04999995       1.71612310    
   1.05999994       1.75557387    
   1.07000005       1.79639423    
   1.08000004       1.83866453    
   1.09000003       1.88247144    
   1.10000002       1.92790842    
   1.11000001       1.97507668    
   1.12000000       2.02408600    
   1.13000000       2.07505512    
   1.13999999       2.12811375    
   1.14999998       2.18340254    
   1.15999997       2.24107504    
   1.16999996       2.30129910    
   1.17999995       2.36425877    
   1.19000006       2.43015599    
   1.20000005       2.49921250    
   1.21000004       2.57167315    
   1.22000003       2.64780807    
   1.23000002       2.72791696    
   1.24000001       2.81233215    
   1.25000000       2.90142417    
   1.25999999       2.99560690    
   1.26999998       3.09534359    
   1.27999997       3.20115519    
   1.28999996       3.31362915    
   1.29999995       3.43343043    
   1.30999994       3.56131482    
   1.32000005       3.69814444    
   1.33000004       3.84490705    
   1.34000003       4.00273991    
   1.35000002       4.17295933    
   1.36000001       4.35709524    
   1.37000000       4.55693817    
   1.38000000       4.77459526    
   1.38999999       5.01256275    
   1.39999998       5.27382040    
   1.40999997       5.56195211    
   1.41999996       5.88130522    
   1.42999995       6.23720264    
   1.44000006       6.63622952    
   1.45000005       7.08662510    
   1.46000004       7.59882784    
   1.47000003       8.18624973    
   1.48000002       8.86639690    
   1.49000001       9.66252708    
   1.50000000       10.6061716    
   1.50999999       11.7410803    
   1.51999998       13.1296101    
   1.52999997       14.8634768    
   1.53999996       17.0827065    
   1.54999995       20.0108948    
