   9.99999978E-03   1.00003332E-02
   1.99999996E-02   2.00026669E-02
   2.99999993E-02   3.00090015E-02
   3.99999991E-02   4.00213450E-02
   5.00000007E-02   5.00417054E-02
   5.99999987E-02   6.00721017E-02
   7.00000003E-02   7.01145530E-02
   7.99999982E-02   8.01711008E-02
   9.00000036E-02   9.02437866E-02
  0.100000001      0.100334667    
  0.109999999      0.110445820    
  0.119999997      0.120579332    
  0.129999995      0.130737305    
  0.140000001      0.140921876    
  0.150000006      0.151135206    
  0.159999996      0.161379457    
  0.170000002      0.171656817    
  0.180000007      0.181969523    
  0.189999998      0.192319825    
  0.200000003      0.202710018    
  0.209999993      0.213142425    
  0.219999999      0.223619401    
  0.230000004      0.234143347    
  0.239999995      0.244716689    
  0.250000000      0.255341917    
  0.259999990      0.266021550    
  0.270000011      0.276758134    
  0.280000001      0.287554324    
  0.289999992      0.298412770    
  0.300000012      0.309336245    
  0.310000002      0.320327491    
  0.319999993      0.331389397    
  0.330000013      0.342524856    
  0.340000004      0.353736877    
  0.349999994      0.365028501    
  0.360000014      0.376402855    
  0.370000005      0.387863159    
  0.379999995      0.399412721    
  0.389999986      0.411054909    
  0.400000006      0.422793210    
  0.409999996      0.434631199    
  0.419999987      0.446572542    
  0.430000007      0.458621025    
  0.439999998      0.470780522    
  0.449999988      0.483055055    
  0.460000008      0.495448768    
  0.469999999      0.507965922    
  0.479999989      0.520610869    
  0.490000010      0.533388197    
  0.500000000      0.546302557    
  0.509999990      0.559358776    
  0.519999981      0.572561860    
  0.529999971      0.585917056    
  0.540000021      0.599429667    
  0.550000012      0.613105237    
  0.560000002      0.626949549    
  0.569999993      0.640968561    
  0.579999983      0.655168474    
  0.589999974      0.669555664    
  0.600000024      0.684136808    
  0.610000014      0.698918879    
  0.620000005      0.713909030    
  0.629999995      0.729114771    
  0.639999986      0.744543850    
  0.649999976      0.760204434    
  0.660000026      0.776104927    
  0.670000017      0.792254210    
  0.680000007      0.808661401    
  0.689999998      0.825336158    
  0.699999988      0.842288435    
  0.709999979      0.859528720    
  0.720000029      0.877067983    
  0.730000019      0.894917607    
  0.740000010      0.913089633    
  0.750000000      0.931596577    
  0.759999990      0.950451553    
  0.769999981      0.969668448    
  0.779999971      0.989261687    
  0.790000021       1.00924647    
  0.800000012       1.02963877    
  0.810000002       1.05045533    
  0.819999993       1.07171392    
  0.829999983       1.09343314    
  0.839999974       1.11563253    
  0.850000024       1.13833284    
  0.860000014       1.16155601    
  0.870000005       1.18532503    
  0.879999995       1.20966434    
  0.889999986       1.23459971    
  0.899999976       1.26015842    
  0.910000026       1.28636956    
  0.920000017       1.31326389    
  0.930000007       1.34087408    
  0.939999998       1.36923468    
  0.949999988       1.39838278    
  0.959999979       1.42835772    
  0.970000029       1.45920134    
  0.980000019       1.49095845    
  0.990000010       1.52367699    
   1.00000000       1.55740798    
   1.00999999       1.59220624    
   1.01999998       1.62813067    
   1.02999997       1.66524422    
   1.03999996       1.70361483    
   1.04999995       1.74331558    
   1.05999994       1.78442514    
   1.07000005       1.82702851    
   1.08000004       1.87121761    
   1.09000003       1.91709208    
   1.10000002       1.96475995    
   1.11000001       2.01433849    
   1.12000000       2.06595564    
   1.13000000       2.11975050    
   1.13999999       2.17587543    
   1.14999998       2.23449731    
   1.15999997       2.29579902    
   1.16999996       2.35998154    
   1.17999995       2.42726684    
   1.19000006       2.49790001    
   1.20000005       2.57215238    
   1.21000004       2.65032530    
   1.22000003       2.73275495    
   1.23000002       2.81981659    
   1.24000001       2.91193080    
   1.25000000       3.00957060    
   1.25999999       3.11327004    
   1.26999998       3.22363424    
   1.27999997       3.34135103    
   1.28999996       3.46720672    
   1.29999995       3.60210371    
   1.30999994       3.74708223    
   1.32000005       3.90334916    
   1.33000004       4.07231140    
   1.34000003       4.25561953    
   1.35000002       4.45522356    
   1.36000001       4.67344332    
   1.37000000       4.91306019    
   1.38000000       5.17743969    
   1.38999999       5.47069120    
   1.39999998       5.79788637    
   1.40999997       6.16535902    
   1.41999996       6.58112240    
   1.42999995       7.05546665    
   1.44000006       7.60182858    
   1.45000005       8.23809433    
   1.46000004       8.98860741    
   1.47000003       9.88737202    
   1.48000002       10.9833698    
   1.49000001       12.3498335    
   1.50000000       14.1013660    
   1.50999999       16.4279613    
   1.51999998       19.6691818    
   1.52999997       24.4973412    
   1.53999996       32.4568253    
   1.54999995       48.0503693    
